0.081834
0.925006
1.084762
-0.549298
-0.326585
0.400220
0.374201
-0.217351
0.008732
-0.633733
0.376862
-0.372433
-1.232554
0.532647
0.606521
-0.009222
0.724161
0.948307
-0.841674
0.383756
-0.536853
0.021863
-0.669410
-0.729250
0.225711
-0.817252
0.105397
0.835239
0.090802
-0.383497
0.882561
0.339241
0.771507
-0.672813
-0.788916
0.499693
-0.156419
0.174647
1.405401
1.212434
-0.358108
0.550010
0.673382
0.474399
0.425540
-0.830619
-0.806804
0.477149
-0.392851
-0.658331
1.056512
-1.474873
-0.877548
0.992745
-0.867893
0.429360
0.843151
-0.355896
-0.595216
0.428776
-1.158082
0.105333
-0.797851
-1.480971
0.824043
-0.375957
-0.061377
-0.229811
-1.184553
-1.258653
-1.013392
-1.475843
0.821302
1.095242
-0.016764
0.481277
-0.328745
1.520543
-0.220429
-0.258568
1.170576
-1.568779
0.531630
0.095689
-0.226289
-1.495024
0.610804
-0.927745
-0.583228
-0.134877
1.399630
1.097736
-0.181080
-0.618535
1.212247
-0.633147
-0.490626
-0.513449
-0.552555
0.164464
1.359832
-1.184235
1.250950
0.126627
0.872199
-0.636865
0.218509
0.872399
0.813594
-0.514844
0.403150
0.341515
-0.204362
0.626010
1.402724
-0.787479
1.458678
-0.645314
0.608431
0.180945
-1.391863
1.339067
-0.885852
0.344703
0.859301
1.268888
0.956138
0.527815
-0.246290
-0.068649
-0.006725
0.584600
1.525557
1.148728
-0.796754
0.862787
1.423791
-0.267546
1.324183
-0.709172
-0.318905
-0.752103
0.535800
-0.400056
0.071407
1.290245
1.227639
-0.504805
1.404063
1.265343
-0.418268
0.014820
-0.558260
1.317471
-1.044653
-1.533657
0.891158
-0.990023
1.551089
1.003915
-1.504071
-1.483813
-0.030311
0.010951
0.820246
0.338858
-1.292372
-1.047333
-0.282818
0.743535
0.664205
-1.369249
-0.309129
0.444482
-0.708451
0.724748
0.654770
0.554995
-0.123336
1.336614
0.394359
-0.391709
1.466320
0.915302
-0.238763
-0.422522
-0.075877
0.733588
0.005571
-0.018751
-0.975447
1.283558
1.549423
0.575127
0.625836
-0.240573
0.395176
0.827304
1.432382
-1.135715
-0.189404
0.013576
1.077104
1.018891
0.447078
0.323032
-0.067221
0.899006
-0.303931
1.292334
-0.216073
0.526756
-0.510995
-0.468612
1.429984
0.147853
-1.436595
0.940723
0.372375
-1.335093
0.217480
-1.414265
-0.310635
0.592680
-1.107501
0.218351
-0.775689
-0.664967
1.547811
1.369935
-0.206873
-1.119052
1.523785
-0.196941
-0.980026
0.637249
0.810960
1.491101
0.883524
-0.283591
-0.406534
-0.005848
0.139279
-0.253899
0.471230
0.849488
-0.298622
-0.824251
-0.382688
-0.181411
-0.358684
1.195402
0.269284
0.567352
-0.124863
-0.059259
-0.856975
0.494345
-0.750797
-1.104091
1.263835
-0.608698
1.350601
-1.074334
-0.208066
0.100489
-0.965577
0.354208
0.628153
-0.555564
1.501025
-0.485873
1.117565
1.245864
-0.635396
-0.325194
-0.867481
0.401127
0.877096
-1.085693
-1.564230
-0.821421
1.083577
-0.855339
-1.074218
0.939902
0.063383
-1.011459
-0.458465
-1.134817
1.019293
1.413881
-1.230357
0.294821
1.463748
-1.430843
-0.337009
1.488999
-1.139426
1.333503
-0.441881
-0.102429
1.085416
-0.851457
1.243626
-1.071159
0.694505
1.323269
-0.396040
0.333320
0.356856
-1.058843
1.184422
-1.324161
1.093545
-1.438146
0.798479
-1.352785
-0.208668
0.173741
1.058928
-0.745297
0.361636
-0.293361
-1.020205
-1.435684
-0.998860
-0.590713
-0.241374
0.049738
-0.197365
-0.208026
-0.993338
-0.224119
0.212825
-1.343461
0.843205
0.600958
0.531667
-1.273124
-0.183381
1.556878
0.500142
-0.699134
0.301677
-0.647553
0.571226
0.714425
0.007092
1.200487
1.140520
1.325316
0.795033
1.203202
-1.475372
0.362959
-0.866137
1.347149
-1.018983
-1.353077
1.076687
-1.057332
1.120175
-0.208733
0.482862
0.929210
-0.139515
-0.353451
0.984497
0.497076
1.007960
-1.295321
-0.488834
-0.680630
0.870082
1.143850
1.028154
-1.483483
-1.352069
-0.207239
-0.692962
0.648243
1.279176
0.593123
-1.265075
1.567168
1.327158
0.605415
-0.589065
0.549691
-0.520975
0.621981
-0.417720
-0.284118
-1.281554
0.310466
-0.887149
1.084851
-0.521676
-1.442963
-0.755218
1.231376
0.588608
0.573256
-0.768884
0.679121
-0.843059
0.190099
0.432706
-0.541835
0.154251
0.354938
0.641241
0.384289
1.418967
-1.194808
0.114620
-0.723793
-0.486367
-0.148320
0.389834
0.770547
-1.007536
0.801724
0.891967
-1.513141
-0.832920
-1.299390
-0.829941
-1.521103
1.313561
0.851907
-0.304908
0.768631
0.339498
-0.131683
-1.540282
-0.478935
-1.335013
-0.579007
-0.648927
-1.383231
1.465010
-0.244886
-1.052955
0.251906
-1.360503
1.455171
0.123547
-1.481124
0.340576
0.747929
0.730651
-1.111342
-0.210871
1.547188
-0.283128
1.056421
-1.137542
-0.825353
0.127372
-1.537861
-0.438786
-0.239236
0.026531
0.889538
-0.506784
-0.392458
0.626000
-0.928092
-0.709870
-0.727412
-0.180681
-0.472860
0.215783
1.207591
0.561450
0.399131
0.644190
-0.493659
-1.175538
1.563286
1.401896
-0.468098
1.073014
-1.045727
-0.127475
1.200634
0.951197
-0.519569
-1.485353
0.476126
0.468966
0.804420
-1.316878
1.340173
-0.091121
0.975364
0.869324
-0.415106
0.523117
-0.163842
1.452066
1.443035
1.144724
-0.377675
1.422380
0.491071
0.485740
-1.432973
-1.130452
-0.238253
1.266663
-0.165981
-1.552417
-1.489377
-1.453160
1.405530
-0.844512
0.764464
0.094339
0.476320
0.092898
-0.852790
1.563397
0.070148
-1.487715
-0.972587
-0.469182
-0.739027
-1.360283
0.276710
0.913083
0.322862
-1.148428
-0.964126
-1.439642
-0.388444
1.430685
0.179710
-0.069392
1.032301
-0.199739
1.203142
0.520862
-1.207651
0.861640
-0.137645
0.975166
0.989079
0.319904
-1.079461
1.412701
-0.790777
-0.008009
-0.933589
1.407671
1.350264
0.774568
1.298703
-1.413414
-0.139001
0.800395
-1.551126
0.169230
-0.744668
-1.462697
-1.524364
-1.317160
0.676035
0.908317
-0.764395
0.517744
-0.864411
0.917424
-1.350395
-1.283393
-1.211378
0.532887
-0.901452
-0.935003
-0.775802
1.458136
1.091925
1.446525
-0.535602
1.318468
-0.330953
0.850675
-0.864746
-1.390512
0.648198
1.535756
1.051064
0.369571
1.110570
-0.290383
0.285123
-0.529944
-1.153747
0.207734
1.052345
-0.260444
-0.978355
0.749832
-1.352672
0.462845
0.332449
1.133648
-0.797622
0.370911
1.444107
-0.590181
-1.501443
1.221724
-0.487932
-1.089515
-0.258730
-0.677492
-0.397379
1.310237
-1.186407
-1.343964
-1.059764
0.517137
0.668280
-0.421656
0.601804
1.490598
-0.131353
-0.517535
0.543756
0.853231
-0.488621
-1.407987
0.778906
1.307659
-0.445920
-1.444782
-0.905417
0.854368
-1.049409
0.902785
-0.820729
1.350339
-0.323648
-1.379877
-0.188146
-0.423182
0.524289
-0.739834
-0.281796
0.014256
0.544447
0.868784
-1.007302
0.090651
-0.218522
1.258023
-0.998319
-0.979229
0.263451
-0.548309
1.097069
0.265383
-0.702075
-1.357988
0.415931
1.232157
-0.989530
1.197963
0.938880
-1.387882
1.160920
-0.119038
-1.377194
0.205689
-1.548803
1.306414
-1.540313
-0.356696
0.057247
0.269662
-0.748297
1.140895
0.898721
0.109944
0.352116
0.267006
0.945102
0.597524
-0.878050
0.449607
-1.532412
0.228407
-0.841054
0.357598
-0.307446
-0.887273
1.057557
1.079634
1.225301
-0.866228
-0.547046
0.207599
-0.795730
-0.316167
0.223061
-0.931794
-0.581780
0.025132
-1.445840
1.319521
0.453860
0.679424
0.926928
1.169423
0.690812
0.418140
-0.403870
0.918167
1.334567
-0.139032
-0.778204
-0.272158
-0.128520
-0.143845
-0.802471
-0.018398
0.012873
-0.738238
-0.918389
1.121017
0.152825
-1.445193
0.275163
-0.596143
0.453266
-0.889690
-1.136532
-1.425149
-0.416718
1.509936
-0.440272
-0.794903
1.261708
0.819580
0.633980
-0.062011
-1.396958
-1.344198
0.094479
1.467281
-0.120715
-0.919150
1.469429
-0.381333
-0.318353
-0.340637
0.992804
0.381815
1.332807
1.197340
-0.000913
-0.326340
-0.459958
1.079939
1.125064
0.009905
-0.019562
0.601356
-0.954343
-0.875399
0.094709
0.711788
1.504660
0.622836
0.054909
-1.391827
-1.564978
-0.733892
1.319140
-1.539156
1.086034
0.794321
0.323521
-0.282938
0.363247
0.980882
-1.259542
0.115511
0.838936
0.151229
-0.076036
0.376817
1.342342
-0.332942
-0.165104
-0.921787
0.466883
0.430386
0.059014
0.257227
-0.845018
-1.450915
0.925647
-0.740451
0.301673
-1.260049
0.215149
-1.019167
-1.433755
-1.518994
-1.360058
-0.266108
0.089269
-1.509359
-0.151598
-1.004406
-0.274771
0.384867
0.661879
-1.304726
0.046092
-0.138097
0.339790
0.014692
1.347103
-0.046365
-0.331852
-0.539361
-0.870634
-0.403777
1.496455
-1.069656
0.567203
-1.212582
0.908078
1.488323
-0.992358
1.518965
1.031857
1.211279
-1.423246
0.137834
-0.498626
0.114840
-1.132410
-0.289931
-1.500455
-0.352277
-1.434856
-1.428969
-0.111912
0.732495
0.809168
-0.039873
0.924393
-1.164317
-1.269043
-1.159882
0.761058
-0.194104
-0.658181
1.203927
0.109547
-0.868750
1.263087
-1.018680
1.225187
-0.374699
0.331436
0.675561
-0.928059
1.534565
1.176763
-1.153706
-0.839976
0.259966
0.590837
-1.482786
1.161410
-1.522734
1.557010
0.021603
-0.942013
0.632660
0.689047
-0.745399
-1.348978
-1.215003
0.556163
-0.910208
0.963793
-1.294100
0.638633
-1.439782
-0.147467
-0.735482
-1.494734
1.210731
-0.755391
0.514095
0.188092
0.771326
1.356098
0.170211
0.100632
-1.096153
0.047216
0.443724
0.968827
0.750178
-1.134203
-0.266907
-1.353442
0.696953
-1.525872
0.165566
-1.213928
-0.085279
-0.325930
1.059897
0.778236
-1.178361
-1.435936
-0.552757
0.883572
0.387396
1.103665
-0.051239
-0.929549
-0.512772
-0.153865
0.377959
0.494891
0.263566
0.971246
-0.637713
0.769238
-0.900044
0.058846
0.988781
-0.253734
-0.487004
0.704633
1.097951
0.550099
1.420028
-0.174972
0.285288
1.425852
0.168028
-0.072704
1.232070
0.522451
-1.273048
-1.219623
0.688341
0.338669
-0.730388
-0.923936
0.584648
-1.554765
0.805229
-0.227377
0.817145
-1.328396
1.453939
-0.930919
-0.545886
1.322493
-0.408617
-0.442748
-0.718633
-0.849064
0.437388
-1.020479
0.154619
0.262108
0.828645
0.713069
-0.006088
0.201864
-0.292288
-1.161979
0.676977
0.495425
-0.383598
-0.860520
1.315477
-0.426874
0.978042
0.854855
-0.631422
0.813155
-0.516675
-1.068946
1.055226
1.431608
-0.732997
0.947912
1.074697
0.873531
-0.756100
0.937159
0.484625
0.868996
-0.419197
1.329119
1.094153
-0.050217
0.006955
0.366869
-1.060264
-0.171373
-0.701819
-1.334416
-0.047641
-1.530116
-0.232545
0.777474
-0.470293
1.238921
