-0.000000
0.280563
0.061595
0.075850
-2.569454
-0.514657
0.051702
-1.392463
-0.046441
-6.887021
-3.258022
-0.479039
-1.127234
-0.266819
0.024645
-2.586811
-2.316705
0.171078
-6.982770
-10.654835
-6.173577
0.229007
-0.088103
0.151623
8.239151
-0.240090
-1.524284
1.757917
-2.614294
-10.434163
3.961877
-10.273581
10.814039
-8.214777
-0.580906
-6.226829
-2.450654
5.221178
0.965814
-8.512809
-5.667375
-5.646463
9.091544
0.341412
-12.294728
-6.384519
-8.505778
0.140352
24.158906
13.389200
-0.059310
21.308308
2.743187
-2.608630
-16.968512
6.252232
-1.107950
-3.397905
-2.380470
-9.386720
18.864371
-18.795959
8.082299
7.095471
4.741613
1.631404
-0.040069
-0.009979
14.054461
6.345511
-41.544477
28.471468
-5.778438
17.708146
-8.550821
-5.325547
5.907908
-15.585708
-27.752661
12.534566
-28.697266
15.736557
-17.709239
2.189821
8.192975
-34.548465
0.252238
-53.298912
0.188155
2.216805
-52.370183
-17.953465
22.873822
-31.284733
-1.285177
16.293803
-3.545885
1.126842
39.449315
0.490111
-1.716899
-6.205445
-21.827230
-16.501945
16.067468
3.143275
38.796431
16.561632
1.089154
2.262606
-57.049958
19.634065
-63.098511
21.098968
-13.552132
19.009111
-35.387162
-0.573029
6.038502
47.253729
1.367445
-42.841736
8.892771
-43.454277
-16.678566
17.947496
-50.841956
-2.266406
23.494300
4.779450
-7.899662
-40.570579
6.949820
-9.448928
72.108243
6.790332
0.257975
0.397503
-62.126245
20.621796
-9.187841
-25.453687
5.704906
-33.552161
-59.685894
-80.180695
-14.724584
-52.700347
-29.136404
44.273775
-1.323563
-25.624491
-26.254204
-0.929791
-15.135748
-62.111198
48.129835
1.287176
-51.843596
32.522484
61.796808
-10.821343
13.980030
44.234189
28.414024
81.471531
18.619814
28.729606
-1.449862
-0.113212
-23.353395
-30.895714
-6.042069
21.070036
23.703371
-50.226245
-55.277000
-116.620677
26.490611
-29.320779
-116.461716
2.209017
22.029622
55.811976
-76.042314
-40.347458
24.251143
27.039048
-12.810724
117.524939
-2.117287
8.059468
-38.468079
33.539596
34.689111
3.108471
-6.066190
-15.890241
-74.551073
-40.396847
-0.514203
31.478573
119.593242
-41.765380
126.177116
-29.344614
-45.538223
-28.290064
-90.935393
5.451441
-60.797754
7.782015
-5.287554
-5.988587
-25.550575
41.487151
18.460794
36.061237
59.618587
-10.693001
-15.219565
60.557071
-2.033891
-59.539326
8.503304
6.215330
39.435811
51.438119
21.544290
-22.875800
-106.439385
-1.927548
-17.668214
44.751344
66.995568
-17.999735
-95.752441
2.810684
48.908789
-68.384894
4.007937
95.524817
-56.022654
-58.048956
58.803806
43.152467
0.208502
45.163312
31.464199
-19.488991
138.840517
-3.173421
9.479820
-103.438981
-82.217629
-47.843819
-57.884845
-118.357527
-169.102538
41.260575
-1.091002
76.996408
132.398285
189.386902
-14.172891
47.523891
97.602337
-36.317583
36.843273
-6.230499
69.487735
61.162089
218.644907
-40.094441
-20.107517
-22.443708
14.628977
14.505457
-107.672922
-2.184884
15.071590
-134.018008
-18.989583
-42.184617
-24.823196
-44.108189
2.431923
-2.005201
-0.164033
-22.876311
-11.919069
6.328905
-24.079855
21.239750
2.260195
-71.031446
32.110751
-18.082720
52.241255
-49.071053
-29.551805
63.195982
-58.457193
141.246880
41.542929
0.608265
-33.058255
-17.109454
18.336410
9.543704
10.781854
34.513858
-22.148066
-103.846287
6.814362
9.067596
16.552083
5.401626
-8.188926
-197.243277
-6.264474
-63.246472
-25.129810
115.365323
-50.378839
-43.596679
-8.530890
-19.368212
-47.580118
28.942428
111.450570
193.553748
-121.865076
-65.782830
33.800492
11.450109
1.391775
59.215794
-28.837235
74.048675
-7.954634
-76.298812
0.469451
53.816885
56.323525
151.187583
-33.866014
-5.039075
-18.999898
71.009980
-117.255562
5.032672
145.139168
-81.945204
14.075090
-9.943944
-6.206675
-83.030307
-165.376566
113.701977
142.805786
-9.495776
-55.421473
-8.896032
9.941857
47.185127
74.871728
114.702744
101.798438
39.159038
25.806493
32.395116
39.518387
-59.061413
-29.555281
14.897808
123.990221
13.824743
71.222327
-37.703972
51.731878
94.703756
1.856264
31.564894
-85.846717
-170.278841
105.387134
-15.666342
-142.097321
-62.188503
19.432945
-182.737816
-131.161926
11.709269
51.441971
-17.626925
-79.127926
155.006477
-104.875729
56.860761
-43.249886
-32.364298
-18.129174
-60.914235
-81.112496
-0.251049
-36.031142
1.261999
-185.309730
-51.845600
-115.046043
29.333233
-82.126699
-92.190592
239.398196
-22.883461
24.849553
70.260495
-1.336007
-5.922029
-121.875101
-21.774075
-82.310873
85.421497
57.030786
-0.776395
-67.290881
28.568478
101.253466
-65.064245
-39.268600
259.211115
-43.340831
-119.582058
40.353733
-31.661781
85.825164
150.806693
109.321769
-17.737106
12.754711
-22.759102
-320.039420
-234.192234
34.624400
-100.393208
12.639044
72.302846
-3.812261
-10.933059
-49.684769
3.127907
23.200408
2.977659
-77.577021
68.665326
-68.130589
-35.909450
-183.077737
59.364338
-2.620259
5.114123
-7.487787
204.352103
-44.951906
118.361593
-84.993468
-60.279156
106.731287
327.628351
-30.339844
-100.941104
-51.911906
-20.497716
-32.396075
-13.073002
79.299731
195.507471
-226.288189
0.557155
72.991434
-70.353770
-198.054908
104.394830
135.077895
-116.731667
160.504234
29.800753
95.041257
2.860394
279.088536
-131.941097
116.920288
-38.958284
194.944877
177.952137
-160.110025
27.910834
89.969426
-13.649751
-55.857179
-87.347063
57.964717
5.340669
-108.920322
-29.619692
-31.100619
-186.102479
362.170296
-50.325751
-3.441311
85.977002
38.462573
-62.219624
218.325790
7.141278
-23.452278
82.709810
51.566851
12.357446
39.116695
32.017189
-33.108849
153.175983
157.502488
34.066388
19.028732
201.657775
-186.778999
156.388313
-7.101495
135.049747
-49.381109
-34.008146
54.121669
-20.453481
-56.603636
-1.486856
87.120763
262.883720
356.115545
141.563795
91.900187
120.993288
35.976631
42.382737
-107.942093
162.221872
-0.205292
-3.920636
26.018325
-28.681555
136.565359
-20.488072
-87.955971
-100.712359
-6.761561
-209.000292
-3.340935
-196.078185
24.239923
-11.013847
-52.990104
-215.011485
24.529698
86.228379
62.479039
54.913769
-66.318494
-90.490518
-13.829334
209.473070
92.116241
16.416893
-3.876204
-37.239013
-35.218415
13.626496
23.593451
-150.014170
-170.154769
68.531371
-22.575542
7.930455
155.376229
35.097861
102.181555
58.003832
42.424880
101.039316
7.532058
-146.124447
125.460048
23.303949
-51.148267
5.061631
-34.636491
-174.891708
191.280245
14.757560
316.890828
14.209746
14.015019
12.579975
187.439382
170.366910
41.031348
49.396773
-259.877498
26.561901
-70.911841
29.607365
236.799542
141.642531
91.362232
44.756163
-113.731102
-12.074438
21.888070
-27.333058
-8.087213
100.049345
139.724002
289.825027
152.828618
1.824579
-30.693850
1.549819
-0.182391
17.068162
24.217345
-11.336273
25.524711
-210.319456
62.424879
-142.685122
289.496160
-32.301437
226.725557
-39.826214
59.284783
-29.881423
-177.281924
23.545388
-2.944071
384.784132
5.848756
-40.668927
503.649285
-206.556818
-41.180128
22.284088
152.217511
-83.553240
-96.438500
50.167125
182.671001
-209.033315
43.566679
2.569282
-49.160825
-76.686683
-38.595143
85.309149
-221.122420
20.880482
-150.846051
77.793216
101.085530
142.560817
-9.687173
-8.196985
119.130145
19.439864
-162.981764
-26.598791
-34.258526
16.885456
-398.958040
-84.981124
-54.132058
356.344287
-101.193654
38.206615
173.208981
37.232284
84.012060
-42.329067
154.770352
-264.983954
-171.020685
121.815301
48.904896
203.789020
-99.054363
-31.755932
-204.032129
321.638946
-71.080662
-137.979132
-55.687145
235.468325
26.053021
86.523389
-112.523754
118.935964
-169.901822
172.424357
52.544106
-53.403257
115.747884
-276.450864
65.196199
15.388272
42.776801
-566.660535
-30.284086
41.625965
-208.718805
-183.807960
-72.388281
415.351675
161.952356
-224.323999
123.992998
-100.370930
-181.684236
-55.174002
41.945951
38.337662
148.335699
111.980858
-126.983974
20.233230
-22.632412
57.842536
125.701592
-107.938565
38.968675
161.102376
-59.427629
323.689500
126.336884
-401.584635
-63.090610
212.686287
-78.553275
-196.893529
-95.745781
517.663102
132.124341
-15.500447
158.065984
-98.174867
-289.186229
-26.234229
113.003494
-35.273403
-335.411025
-150.844263
-1.944566
-318.471140
-223.179710
29.481786
-367.392664
72.786664
293.718228
131.043829
56.251157
40.966314
452.811968
-29.897524
-21.989425
206.501013
130.335989
-49.111225
-486.417548
154.753722
-76.391014
-327.311793
-157.346595
171.694379
-63.906045
-55.844778
-504.821653
2.470482
48.841286
16.823072
180.555087
344.183718
-58.484376
62.582349
-157.735655
40.597468
104.109878
-59.875764
24.524775
-175.434682
67.083484
-119.994933
-295.673783
249.011102
318.964157
-367.088625
-31.158538
205.111958
562.888514
270.230061
-84.848979
272.323179
-64.695142
30.465376
90.787960
-133.788161
37.205127
208.160687
-270.173659
-52.511417
7.097261
-13.243310
206.638382
-451.826560
115.180368
53.765488
483.180786
-37.570502
43.556324
-193.253859
-71.504346
-37.187026
155.163638
-21.430871
42.402123
-242.708871
230.397731
427.997755
-213.613516
46.828628
3.598715
-30.843611
21.406891
-130.974873
-96.244546
42.611044
273.149126
-132.820233
31.861231
-68.522847
-325.109403
81.492705
216.171518
20.706825
79.761924
-224.142880
35.269555
-52.929583
8.937497
-248.814252
-273.179790
-27.862950
-263.569299
-254.860542
-18.465953
-306.388880
-55.216440
-48.613357
125.484321
-13.842824
66.323118
-590.638196
13.545314
256.360800
-219.927764
-20.643684
-140.474176
-399.368005
218.774094
262.595448
-124.210351
460.556834
292.359726
-607.047041
-20.876416
-132.564365
-104.699470
-52.613347
-24.439624
-508.897430
57.997906
-88.497562
23.222615
-36.251314
-286.799257
22.667899
454.767567
435.462434
45.749042
-35.734785
-7.027944
39.985390
-569.493973
139.222727
109.348458
296.906448
27.197841
25.914742
-78.309923
56.566922
-3.640604
46.223371
-341.041138
-430.948871
-212.219820
39.072052
591.483706
378.445864
13.580756
-394.785996
65.582193
-184.796488
126.645629
-310.561124
472.042549
414.980490
-14.031982
-150.411679
-76.021411
110.778963
106.801956
43.045527
85.579914
192.193666
-64.073566
-576.983507
-289.554225
-145.781444
-34.616438
-147.310689
34.768215
439.367268
29.661176
35.441481
-215.431353
-239.294687
14.294998
-236.821027
100.050598
169.921054
-96.988922
188.098444
79.164719
17.328348
-86.037695
-20.495775
155.271147
181.302884
120.094299
-197.156734
208.853922
-69.203129
25.953551
79.665259
-204.559301
159.883779
61.081718
256.588801
-132.191874
249.157214
-66.934261
23.852140
56.532511
12.937381
-552.802461
364.289916
-100.874695
-339.966313
57.667074
460.207296
-4.268234
-0.529247
301.350666
-132.336991
-81.966310
42.954899
-0.851841
-105.927718
-26.456721
78.775909
-106.572505
-132.950123
192.563096
146.524041
127.349146
-307.101601
124.056570
-212.149260
-234.682455
30.469101
162.063026
-376.040947
269.368430
-46.040421
-556.275193
0.923295
8.456397
124.383621
-17.486377
-65.015760
79.876016
277.106828
-20.631112
62.253189
482.326955
123.970937
7.636399
587.282257
552.456846
-111.143094
4.111972
-4.531122
149.308439
-60.683167
438.567952
8.518880
