0.000000
0.195231
-1.345338
1.312407
-1.869038
1.057162
1.283935
0.336359
2.553146
2.404735
5.559412
-0.388080
-0.396447
-6.928902
5.270852
-0.634728
1.829661
-1.990261
-9.983710
-5.490043
-1.967122
-1.366173
7.584060
-2.612476
-5.000332
-1.076627
3.913866
3.535292
-6.522128
-13.380013
2.089858
7.000619
6.907181
12.879640
-3.618010
-2.502708
-0.515395
3.636613
1.520473
7.091651
-0.013681
0.271232
7.040246
-23.421298
-12.742432
-5.066734
-8.644935
0.177391
-2.692366
-10.872513
-10.830348
17.484454
-5.307580
5.591900
-20.189294
-0.545578
42.315789
-9.404004
-2.636223
53.347536
12.385348
26.419493
18.902892
5.777744
-6.821030
6.031895
36.608516
-9.710529
-8.410050
-2.603050
-4.155696
-10.391825
1.821949
11.590168
-26.454077
22.486876
-3.554566
-15.016637
72.465497
51.433828
-27.478786
18.008354
13.984927
12.135452
0.804675
2.648860
3.313251
-7.333834
2.102830
0.395632
23.476959
-12.698673
12.774730
30.164953
23.691049
57.908509
-6.871829
7.176501
-0.734575
-37.035245
-56.022725
7.235686
46.173268
-30.109853
49.411720
-43.676463
9.383051
-19.599336
-3.882778
50.227716
-4.497725
47.116231
12.540600
10.642219
10.371153
-67.520748
-36.247570
27.966555
-29.907798
35.613868
4.334806
-63.790039
-8.123092
-30.506685
-12.865651
22.721891
16.290977
58.561888
10.656743
-26.917536
-58.244198
12.414064
-65.959967
-47.324862
-35.664713
15.233215
-72.087542
-5.325619
2.708771
22.496705
73.090106
54.704095
-13.442025
17.061822
-27.284444
20.951125
16.475396
35.745024
24.673544
20.119051
-68.271158
-23.745043
41.199119
23.510896
-48.632173
-10.085227
-45.986542
66.886039
28.419830
-81.911809
-25.371808
-13.545082
3.857141
14.439286
-8.639890
-94.995825
55.994644
53.342111
-139.469357
-115.142800
1.022652
71.838538
-57.560188
-1.248121
-11.593606
57.854612
-30.565038
-74.936742
31.909204
-0.933295
86.785466
30.399027
37.953508
-51.417624
-27.241876
-52.066254
-10.800963
-102.498627
-81.293812
-33.448377
113.323867
-22.270606
13.549518
-3.047898
99.598117
82.575657
30.124275
-7.686210
-65.442234
23.427858
45.404687
98.885903
-182.310786
4.364485
12.691802
-20.523024
26.027726
88.828993
122.337694
45.980923
-117.474602
-10.132532
13.378272
-33.935091
-52.009428
31.029967
15.911542
160.290161
32.273434
-63.551209
94.459583
104.164899
88.781022
9.624527
21.350420
-59.643503
124.383010
12.229434
61.995680
-76.032371
61.111165
-123.376811
-20.055344
-123.785087
8.180912
-96.762633
17.543630
53.814279
-51.566428
49.439776
-21.089926
-175.170515
-50.679877
-37.711154
-45.596389
-3.420128
-3.781651
-19.344270
4.259338
-76.258630
-36.480840
19.494624
15.356048
15.952954
-28.389575
-65.281168
-148.628829
-35.139035
38.948855
87.347200
52.873958
-33.364066
-155.724994
21.282080
-70.671473
42.754358
-101.358300
28.320420
-25.476197
8.440186
223.809023
10.551900
8.240901
-41.931380
44.765320
27.416500
145.877071
-28.207806
-9.196638
17.479757
27.655555
-46.127994
-10.648298
103.677489
51.368805
-4.694365
23.211840
76.398111
73.960537
-22.481898
-19.078479
114.455999
30.325629
-168.471067
37.181995
-101.491476
-138.522044
150.398785
-39.959147
38.904401
-1.864112
138.091075
174.686706
-23.376485
-16.929115
-81.652907
-135.101287
14.276684
-12.728127
47.524073
-204.079809
24.600892
-89.637449
-46.676659
37.293554
-135.965612
-78.731770
-66.703557
-5.371909
-158.435093
44.400414
85.002573
-188.943432
79.135383
187.460416
-48.055240
-70.162385
99.035429
-218.026021
63.017385
89.196820
-146.637771
-100.095777
-89.236707
28.775659
-110.672579
142.906642
104.573980
122.310215
-46.195517
-204.810692
-213.857894
-46.046244
-51.385854
-1.937980
-213.491813
75.932172
43.440634
103.924347
-132.507414
274.267778
-230.333231
-11.879952
120.019487
187.230786
-47.162732
13.787987
-185.902572
-47.413857
-305.795687
-114.615824
232.508212
-9.012059
176.697308
-0.016818
80.973014
298.943884
-73.389163
-65.907797
-33.319540
-143.232614
-7.795750
-51.142202
-34.968293
30.771224
-59.574001
14.038979
-109.669005
-20.313106
-123.079044
8.477315
40.116817
72.027837
133.294124
246.908216
11.287756
-177.501443
-56.310491
-284.176289
80.720816
-182.469640
105.953449
96.012532
20.720420
-202.982662
-7.426925
-11.367360
-171.398392
90.840876
-116.211267
231.201242
153.176051
406.082702
60.703965
-67.253314
107.384793
280.072703
139.856352
58.759793
-252.715942
-77.712911
47.923716
-62.793959
111.215249
77.205605
-66.327794
71.012086
-124.691900
104.360545
20.260528
41.243091
78.609117
80.735075
-231.591518
-24.676111
-59.130778
244.095934
-83.794852
-134.230823
56.055479
121.211058
75.358726
-251.144328
145.072811
312.678560
-38.110454
9.790784
206.134094
-68.669665
-78.899134
4.386137
93.449101
71.702669
354.794231
-349.684824
204.402515
-93.264259
9.803383
28.535535
-206.391433
-99.579371
-58.266098
-142.006382
-36.713259
33.559450
121.971018
-45.959205
150.464465
31.293337
-8.908159
4.333453
67.333155
-344.911492
-216.476077
109.585187
84.027904
78.640539
211.798536
21.716388
-32.290395
-10.362486
-10.193703
250.204436
16.144917
-66.937829
-36.638520
6.176398
-48.869579
-2.444613
82.715033
50.772649
-40.050694
49.264385
203.875556
-43.691889
65.430061
-24.230469
62.452614
130.897674
-112.499615
65.470431
28.869705
-113.030355
-75.796010
-315.161554
396.476150
7.473711
-64.267989
-137.140246
-5.813872
9.292501
36.284154
173.466233
-91.195638
-25.636997
-64.584193
-146.562392
-107.947011
349.991006
16.354180
21.751198
-36.605539
-264.558687
-122.770437
-211.097635
25.855951
40.574716
109.062313
138.435793
51.380592
-131.766149
151.089288
44.632058
44.993563
-233.714940
5.564665
6.747141
-167.788082
95.088106
56.360571
-57.197937
383.439366
-157.535035
-235.039729
53.891722
419.168213
11.082488
48.925577
-48.233828
79.612534
363.158731
103.693998
18.650292
39.964995
-86.285460
351.954473
-146.979942
263.672184
388.614506
125.490811
7.801739
-122.772340
-6.428877
-158.554442
-116.655795
-338.645383
207.034015
-225.622199
-44.154144
171.132971
346.759957
-141.976213
149.123398
114.619464
-8.763418
-73.728251
-22.303881
108.405105
105.726795
343.703650
266.164753
189.690552
95.994118
255.318424
-151.382218
-13.422581
148.265847
202.015224
11.558176
-224.433178
-83.599047
-107.399173
92.114637
286.489792
-263.107677
-91.492128
108.046125
-115.163818
189.068093
450.574529
-45.794481
-366.753688
83.673357
34.108040
197.603497
-335.205392
102.597903
-89.724268
-0.691106
-173.254357
188.524533
175.222835
-96.545532
-73.477908
-23.785461
16.985514
-206.227458
402.267716
-303.500726
333.978589
255.028914
79.107665
476.931140
243.598483
46.058951
-497.126067
28.983587
166.609570
-68.774105
413.399547
174.279462
93.649602
-31.089494
-681.602761
148.955703
158.098957
12.092463
120.326045
-67.719948
-4.804870
32.282781
-265.148448
171.295730
259.818478
-49.625858
-79.331130
231.672879
-13.805158
-35.575421
-323.118690
-124.726761
94.501063
194.716301
17.382717
-376.313218
-105.333757
-224.108736
213.731886
-394.496967
-65.550749
-329.342066
72.196998
-248.125168
76.906281
5.937381
-136.138288
394.691170
-239.033148
-188.147074
8.975918
10.810979
-198.849789
32.273384
-54.217833
-74.471390
-157.988986
364.413653
78.301705
-63.923740
-70.676241
2.692452
38.440970
23.203725
160.745971
198.856078
-187.509752
-81.579638
-436.252504
-56.830414
66.912951
-42.814414
111.578627
77.726630
38.440959
-24.718523
12.772268
199.193268
-90.703219
255.751341
-293.407898
-329.051569
100.553808
50.035900
42.111948
-37.643964
233.183267
31.401475
315.549577
-102.483926
783.947319
118.750926
-694.311179
64.938439
42.071327
148.928790
136.559906
-406.287960
44.655461
-9.268136
-54.660431
283.740596
239.060666
65.123824
-74.940886
-204.466093
-81.341520
-302.549871
53.150050
-256.303139
351.729370
306.937249
-8.842198
341.174074
-513.843365
278.544507
178.575623
-232.573730
-264.700572
118.541117
174.150310
-123.283770
23.033429
-60.980990
-399.174108
-266.753912
-26.448211
95.676870
-72.339504
33.784888
-431.035500
-12.692340
-229.862348
-369.242794
198.088058
-140.146470
-15.312657
110.551274
37.091520
-159.037971
496.918663
-471.071699
218.737740
-418.772315
-69.509206
-217.907746
-262.074617
-550.557468
-297.956188
-37.929861
-448.048416
1.489617
222.469105
226.673104
33.522010
-40.299040
29.410305
-183.523743
356.684962
48.233323
-237.835245
-53.090329
-473.473652
371.884190
19.715581
-14.571182
871.217010
-21.942186
-204.124670
-664.546312
-49.187947
-360.621061
17.580221
-101.457118
-133.101975
427.572070
-290.998520
58.594285
-35.107123
-594.290590
-359.880009
-474.811410
-215.495283
-97.444608
-246.288178
-207.951639
-323.662745
314.074776
-236.356613
-94.796732
-170.450138
-234.807032
39.343803
-533.376132
-149.495553
-483.664302
364.192251
-89.113766
-80.531583
-312.224395
357.258638
-90.531099
75.435078
123.229299
102.236499
-249.994974
-323.181267
454.346681
315.835550
-151.673352
1.426324
-210.364572
102.380869
146.144247
-306.878731
209.038807
-46.661921
-266.454978
-131.917047
-67.216489
-360.837746
-399.694432
223.898474
-245.069119
22.448291
172.367162
-259.073763
366.736494
175.204789
-220.679993
-37.515740
66.836089
18.468103
-6.548838
-167.420776
370.727294
-128.070350
77.614093
-50.487960
-351.659873
269.490239
135.544537
92.320749
-430.960986
234.581923
-264.041851
-251.106613
164.953542
-535.875890
14.783720
-61.242222
182.205176
337.190921
-343.379477
202.415106
145.326000
-50.979304
465.305920
-177.905173
162.225424
-554.696254
130.808296
220.948250
-70.874157
203.426164
-169.339447
133.160287
-395.412262
-461.820223
404.109218
-415.192759
-264.554809
-239.984161
-234.866942
-93.077125
60.791893
-330.730489
-46.089297
-212.093415
209.158963
9.074836
-12.431438
575.269924
321.661214
-245.440970
-55.370920
163.005605
-791.106559
131.148660
103.728361
-385.684445
-202.237536
272.487612
144.887792
-56.593576
286.630768
142.546844
-16.808765
29.610053
-457.418930
-87.953667
-1.586275
288.533354
-59.138466
-12.409621
-101.769305
-200.398337
-32.876776
-127.945435
-407.236064
-378.726519
-578.313129
531.293897
286.109116
-63.134040
324.408770
56.692469
-296.021534
16.905830
-254.943750
25.510633
291.769928
347.687543
-93.243382
399.862214
96.063545
-164.942108
-442.560871
423.669763
-257.725107
-137.535864
482.428284
435.884148
-83.541326
74.747201
-421.367615
-397.456566
-392.326878
-470.636820
155.127109
-1.148006
275.316058
-411.998018
11.176117
-537.689821
536.150678
-275.919330
-270.345325
264.942298
479.047069
-112.215439
-91.182861
-350.816809
592.635344
40.996000
-154.171407
-168.905373
306.064438
18.859249
65.355046
733.828795
-43.582548
541.864262
206.228669
-58.121834
-12.645817
451.059694
-631.527898
-199.693983
207.314564
-123.733624
-836.381524
223.568091
83.880709
-121.384595
744.470004
2.915799
149.993833
-499.455101
-191.904178
202.065999
-63.246736
-135.662481
394.754854
96.542204
-462.124238
-119.387812
368.760968
17.029966
97.049362
147.892422
-61.589928
-209.619944
369.207704
79.016124
302.935930
-244.330982
-282.174236
94.970694
374.384842
-165.386440
-117.875551
620.631970
413.987795
132.306587
-63.702303
-157.060431
-436.620368
476.240427
-105.214761
286.155484
567.161942
-358.882430
-5.712974
188.324841
