-0.000000
0.299495
-0.940799
0.068786
-0.842194
0.531681
1.088482
-0.013080
0.280336
-0.257012
0.717085
-0.459029
-0.338663
-3.439461
5.115737
0.224364
1.161132
-3.032536
-8.637336
0.749395
-6.348834
-6.953244
0.907711
-5.520224
0.171687
0.325292
-0.089986
5.013740
-3.411690
-3.397315
1.558078
1.773349
-1.299333
-2.285573
-5.359060
-2.743201
-3.211935
2.589367
2.169780
4.663801
0.369189
11.458020
11.030248
0.002102
-1.333763
-2.899755
-0.378007
-8.163316
-2.038552
-9.579762
0.038964
17.807274
-7.206957
5.881277
-15.279198
2.083036
13.424476
-8.925679
2.394185
30.789251
11.778271
17.007066
10.807855
5.493932
3.531898
8.303837
2.326440
3.813296
5.632816
0.108906
-11.820886
5.700968
-0.633818
13.027222
-19.429427
1.045427
-3.110189
-6.435799
12.115768
16.842028
-6.384561
-13.207997
11.164142
-5.035919
0.081207
5.280417
-11.070405
0.529429
8.054509
-0.953400
11.551333
-0.163265
6.910998
34.857475
17.766762
56.715996
-14.715105
2.848056
-8.629165
2.780755
-4.648005
-4.288705
18.248978
-36.208613
45.555011
-30.010961
7.653065
-22.314398
0.014216
45.074355
-2.878262
48.514570
18.449038
18.305068
9.095507
-14.913940
-30.605422
-29.117845
-25.973909
13.878257
23.251881
-41.757111
-6.600690
-10.256065
0.572134
17.041164
11.405862
46.902060
20.242137
-16.991871
-21.570052
1.203861
-14.816403
-36.920702
-48.868812
-16.473128
-71.780406
-6.015864
-1.040593
-4.171256
29.652781
51.468891
-5.794136
12.101513
1.900128
20.730641
-1.811475
52.711943
17.471012
58.643978
-57.690479
-1.761303
-20.105374
3.807432
4.194386
-26.254189
-0.161092
58.796908
28.352336
-43.938612
0.279528
-11.857580
4.234003
17.506077
6.029865
-54.007874
99.044043
-0.242089
-66.620326
-95.714687
42.479190
-3.480117
-71.006615
-16.737668
5.287756
47.318360
17.149352
-59.954466
-2.112040
-0.768780
63.832785
15.549814
11.185604
-0.702966
5.059097
15.297539
-14.783049
-63.319987
-13.904883
-2.265856
36.129526
18.381364
1.582970
-7.068207
74.644223
74.249514
-18.903510
-0.003751
-50.379782
21.834289
9.056076
118.328030
-64.360252
0.759415
25.882041
-4.974029
7.020542
-30.658852
108.567582
65.365979
-1.580492
-4.704691
2.147607
-7.523606
25.166098
-13.114372
6.477358
81.094397
15.194319
-22.555658
78.103914
36.557168
3.293018
-39.992550
0.977493
-73.456290
68.024580
-6.255252
3.249713
-93.992561
40.856137
-76.786685
-19.719653
-10.192403
11.728177
-21.989479
16.295968
30.508036
-47.366759
32.232469
-22.519720
-84.997234
-47.277524
39.388139
-6.564091
-20.971158
27.972290
-69.805098
10.526945
-51.855389
-117.726250
-35.527466
1.665523
-9.397820
-64.151453
-0.749688
-0.879525
-38.938984
9.015555
84.427736
23.317637
24.087495
-33.866234
-34.352578
-24.163174
18.308059
76.134536
21.038857
-28.462063
-2.008595
224.672923
9.155061
123.849045
-0.299925
30.666770
0.037634
172.044102
37.299501
-38.967643
-0.347095
37.420842
-110.038493
1.896733
6.341837
-0.737781
-103.417692
21.432541
60.686587
82.428028
6.328586
2.805949
135.186622
-6.540295
-178.274633
44.639067
-55.004313
-100.847658
78.365959
-29.787798
27.508895
-1.811623
105.428462
35.200728
-52.709445
22.377282
-76.144244
-13.337607
48.570236
-42.297469
18.986145
7.138073
13.719483
3.251887
-58.245106
51.719250
-19.937954
-107.932088
-104.830597
17.427004
-156.975094
95.536709
57.254897
-150.935213
83.598581
52.024359
-29.877443
2.294563
79.094869
-196.257803
9.803649
8.323190
-140.010133
-18.299793
-12.315746
144.099222
-59.771543
81.351447
25.420096
110.751584
37.027452
-70.004412
-233.400886
13.044593
-131.731197
-1.235288
-110.706331
5.329417
-22.670343
54.233441
60.387149
117.814794
-52.321117
1.219110
89.881924
187.151177
-13.554841
20.581334
-47.235737
0.946795
-86.573820
-107.908517
124.640805
-9.799554
157.130420
7.209803
30.815559
272.502928
-53.782202
-2.276808
-90.063467
-1.719509
12.642630
60.578287
-33.351662
3.906296
-12.460934
-32.992884
-110.759464
-39.809346
-128.089513
22.019394
-105.443787
-31.277503
157.200356
-16.062962
-42.997464
-53.153215
0.119822
-205.579644
104.523536
-163.924165
114.904005
110.118183
52.452756
-196.800081
-76.357693
-80.145559
-33.479137
26.094724
-67.541168
82.066161
91.909538
195.712677
82.713283
-5.091266
157.870539
294.951477
129.870068
2.909428
-97.191126
-25.659107
34.543330
-32.523752
20.308403
11.889275
49.111028
-46.484554
-35.842753
-74.223741
-10.186689
47.350862
-46.790333
76.465509
34.704275
14.837563
-6.313712
146.447975
-128.659638
-123.965686
2.992939
58.291376
3.268020
-277.585835
-30.049584
129.897295
-25.258921
76.293592
9.472594
-73.881557
3.575089
-51.500491
33.312204
42.835122
185.523521
-113.223282
98.988476
32.498941
-82.341190
71.255807
-17.106159
9.735288
-78.226091
-128.455506
32.940827
28.943096
116.036327
86.338358
84.542258
17.546754
157.638248
-1.857736
-1.678915
-331.632155
29.853518
38.074162
32.040894
3.485727
230.361517
60.594536
-19.046882
-16.862703
127.160891
236.014230
284.537150
-167.158542
12.383295
-0.817929
-342.988087
30.927460
69.739281
12.103394
-70.294636
-5.128592
118.561402
72.666905
65.972851
-207.389673
42.704332
43.412191
-137.711874
50.774901
70.681949
-14.609072
37.535769
-178.520947
88.179493
73.658717
-118.599940
-18.813635
2.390255
1.057374
0.340474
161.109062
61.537864
-152.197813
-67.035797
-136.820037
-62.039199
5.313589
-89.284244
-3.189364
-9.968052
-265.065720
-76.400595
-75.451323
-24.051328
57.895807
75.568182
38.887167
44.773642
-21.217703
141.962201
51.351963
27.601732
-58.782002
7.686336
193.903438
-162.699489
85.234498
87.113957
65.279316
-31.047165
100.645063
-45.688555
43.698776
37.045720
-80.078978
93.062382
27.931571
2.319201
183.177625
95.484366
-0.757065
110.158908
-71.309747
193.092088
0.167182
85.929140
181.896481
6.717961
6.885971
0.045155
72.734227
-206.137721
-123.897171
-258.906321
100.887558
-215.334817
-131.516648
-40.383815
52.311522
3.471580
53.466702
98.533557
-0.148229
-200.969491
-33.210687
124.412409
72.344070
320.159896
128.312019
118.378534
71.835289
163.142865
-39.970696
-91.378059
266.010800
187.754511
-151.508578
-241.401564
108.999013
-208.326292
118.017898
299.308541
-0.870045
13.571695
76.631879
-148.674381
142.594972
124.573037
-2.593970
-209.365492
2.789719
146.013942
196.025862
-229.861887
27.080851
-85.262734
36.119635
-271.611109
141.576223
58.588772
-20.625494
-61.384410
20.806894
16.048575
-191.952441
181.649740
-184.452465
-128.603091
28.582264
65.814572
103.220936
196.178850
101.901228
-153.772377
167.415985
116.438660
98.190730
104.244313
130.651902
53.358287
-23.191761
-244.674987
138.568435
91.498859
0.542949
87.849785
-96.736655
-209.212607
25.147661
-72.776995
5.615793
60.136836
-17.619152
59.000583
230.185825
-129.950720
0.073046
-270.401535
-170.638379
-0.738256
195.534436
-189.483968
-166.498958
108.617155
-3.225368
81.481457
-462.210773
-21.942116
-240.191528
64.561859
-248.567298
-108.528857
-29.393485
82.850889
288.676801
-198.719640
-236.212090
143.923994
15.459784
-89.420024
-83.679978
-30.358972
-3.236164
-235.562001
255.246921
0.271621
-20.194668
79.832286
-0.338679
41.107395
156.246117
162.266672
184.702329
-118.358818
82.500254
-377.572912
-79.301441
-17.352674
198.291538
186.332607
297.865565
25.488361
168.653118
-88.195157
3.105103
16.383973
203.513032
-126.829539
9.555995
100.776918
58.673712
-106.184720
86.560707
247.844980
52.551386
-13.376271
-60.750770
275.574828
-109.968130
-203.862728
30.315653
43.751646
-19.008882
78.813617
-329.244102
-114.080551
3.678458
-66.632734
167.683952
321.867734
19.201369
-92.566704
17.277616
-254.360598
-50.222495
43.590959
-0.602076
-27.235483
25.246575
-8.531966
246.251556
-133.331174
252.230478
-10.356757
-226.130745
-102.431751
343.014301
163.415636
-35.412093
27.143257
27.541707
-333.477444
-83.584140
-82.529045
47.288465
69.681483
16.698422
-456.484619
-25.820878
-10.612013
8.647232
241.016395
-57.583203
-12.224236
25.474993
-45.426558
-124.674300
492.016959
-325.628051
151.365495
-266.029002
-33.076092
-10.359976
-18.802471
-556.329588
-190.352370
-2.144593
-351.024933
-0.123898
-10.523155
270.900056
-17.929974
10.245848
38.307934
-59.249452
358.119356
18.833896
2.273840
58.447114
-461.817810
199.119594
152.760314
-32.639533
386.978812
-28.475598
54.275870
-511.187950
-246.980282
-347.547316
-37.289633
32.801942
-36.878614
-29.203841
-227.238005
104.334361
-69.766281
-723.998601
-362.018175
-119.488001
-58.508061
-72.006802
69.238609
-50.976559
14.594240
49.265255
-199.748912
21.097075
-278.964191
-233.234018
67.623386
-403.619461
-38.545595
-90.705511
-5.913412
7.443333
-117.830681
-64.184845
142.859714
-34.181049
90.575195
12.877927
-141.988174
-21.957462
-312.339554
28.234048
256.949316
-9.694915
48.808034
-243.433518
-36.712504
97.855184
-183.461552
262.149890
-2.892983
6.614942
-34.519793
-65.125994
-29.080544
-100.539383
37.937460
-65.199520
9.645672
-188.423583
19.103048
39.216451
226.420835
17.602609
-23.193508
66.163259
30.787635
-178.790568
-114.469507
393.696476
-137.112129
145.823769
335.222710
-429.715030
-27.048200
-15.527213
-149.718430
-494.231680
-116.864537
-106.596341
-241.479585
265.430189
-216.279532
97.336525
-9.284219
-9.568942
-64.474826
-208.316648
127.185833
37.134025
155.688506
287.644621
-95.701106
-175.278708
-561.596741
247.563512
30.612462
-78.601888
82.806543
-621.890149
12.448663
-162.163361
-676.695648
69.483984
27.028928
-64.678786
36.190140
-219.201237
4.590968
35.317702
94.746554
-35.761402
-145.038340
-93.583040
-317.609654
-18.298194
495.840688
354.293646
28.553554
6.531318
122.554595
-279.402884
104.919570
-172.345555
-140.400116
238.087416
356.653129
-121.931093
349.449490
91.095951
82.741934
-498.130750
31.160535
27.563277
23.033710
1.764010
-112.760865
-195.833858
-155.073751
-124.466940
-485.368103
4.630347
-23.843941
2.649932
-156.337124
-422.421673
277.614249
12.042496
-14.348550
78.916284
-42.501217
-44.364065
8.050717
92.955940
54.893402
-31.389900
-9.914091
-97.119187
-67.093685
-30.914320
-89.242335
-279.139127
447.144481
-140.319879
186.591275
114.941056
292.421701
-239.142855
107.335188
-449.339347
-186.782301
-5.896918
-405.727977
49.780925
113.995490
213.184149
36.761270
-143.860137
-154.985298
93.478523
-187.975446
-131.791517
381.099220
419.090829
-26.370958
-8.569614
-72.866193
463.201636
200.051533
39.160376
-162.066890
-150.513049
-193.415512
164.624126
173.571311
-162.055225
326.447503
86.770197
14.498526
17.906331
609.721679
-627.777895
-193.652459
227.618195
-168.796646
-779.910450
91.831208
120.771150
-226.254532
146.682797
38.662935
190.579783
12.131625
-298.492182
14.141081
-10.343332
71.852767
45.376493
-69.825557
-189.346470
67.071240
25.847946
19.349274
250.301911
38.509912
7.772716
-151.526203
484.841730
4.079571
68.707370
-236.602119
-9.811907
47.439443
251.004878
131.200878
84.425661
332.263044
377.697602
170.443322
299.096709
-287.541783
-107.373829
277.941369
-228.862171
196.934675
782.728476
32.618169
-18.293408
262.456823
