0.000000
-0.104264
-0.404539
1.243621
-1.026845
0.525481
0.195453
0.349440
2.272810
2.661747
4.842328
0.070949
-0.057784
-3.489442
0.155115
-0.859092
0.668529
1.042275
-1.346374
-6.239438
4.381712
5.587071
6.676349
2.907748
-5.172019
-1.401919
4.003853
-1.478448
-3.110438
-9.982698
0.531780
5.227270
8.206514
15.165213
1.741050
0.240494
2.696540
1.047246
-0.649308
2.427850
-0.382870
-11.186788
-3.990002
-23.423400
-11.408670
-2.166979
-8.266929
8.340707
-0.653815
-1.292751
-10.869311
-0.322820
1.899377
-0.289377
-4.910096
-2.628614
28.891313
-0.478326
-5.030407
22.558285
0.607076
9.412427
8.095037
0.283813
-10.352928
-2.271942
34.282076
-13.523825
-14.042866
-2.711957
7.665190
-16.092793
2.455767
-1.437054
-7.024650
21.441449
-0.444377
-8.580837
60.349729
34.591800
-21.094225
31.216351
2.820785
17.171371
0.723467
-2.631557
14.383656
-7.863263
-5.951679
1.349032
11.925626
-12.535408
5.863732
-4.692522
5.924287
1.192513
7.843276
4.328445
7.894590
-39.815999
-51.374720
11.524391
27.924290
6.098761
3.856709
-13.665503
1.729987
2.715062
-3.896995
5.153360
-1.619463
-1.398339
-5.908439
-7.662849
1.275646
-52.606807
-5.642149
57.084400
-3.933889
21.735611
-18.917075
-22.032928
-1.522403
-20.250620
-13.437785
5.680728
4.885115
11.659829
-9.585394
-9.925666
-36.674145
11.210203
-51.143564
-10.404160
13.204099
31.706342
-0.307136
0.690245
3.749364
26.667961
43.437325
3.235204
-7.647888
4.960309
-29.184572
0.220484
18.286871
-16.966919
7.202532
-38.524927
-10.580679
-21.983740
61.304493
19.703464
-52.826559
16.168962
-45.825450
8.089131
0.067494
-37.973197
-25.651336
-1.687502
-0.376863
-3.066791
-14.669755
-40.987951
-43.049398
53.584200
-72.849031
-19.428113
-41.456537
75.318654
13.446427
15.489547
-16.881361
10.536252
-47.714390
-14.982277
34.021244
-0.164516
22.952680
14.849214
26.767904
-50.714658
-32.300974
-67.363792
3.982086
-39.178640
-67.388929
-31.182521
77.194341
-40.651970
11.966548
4.020309
24.953894
8.326144
49.027785
-7.682459
-15.062452
1.593569
36.348611
-19.442128
-117.950533
3.605070
-13.190239
-15.548995
19.007184
119.487845
13.770112
-19.385057
-115.894110
-5.427841
11.230665
-26.411485
-77.175527
44.144340
9.434184
79.195764
17.079115
-40.995551
16.355669
67.607731
85.488004
49.617077
20.372927
13.812788
56.358429
18.484686
58.745967
17.960189
20.255028
-46.590126
-0.335691
-113.592684
-3.547265
-74.773154
1.247661
23.306243
-4.199668
17.207307
1.429793
-90.173281
-3.402352
-77.099293
-39.032298
17.551030
-31.753941
50.460828
-6.267608
-24.403241
81.245410
55.022090
13.690525
25.350774
35.761878
-64.531480
-147.749304
3.799949
29.933301
2.919464
29.556321
-57.451562
-121.858760
55.634658
-46.508299
24.446299
-177.492836
7.281563
2.985866
10.448781
-0.863900
1.396840
-115.608144
-41.631455
14.098550
27.378866
-26.167032
-65.507308
29.771005
17.826852
-9.765287
63.910499
-12.545031
97.335653
52.106586
98.723327
1.779299
15.711524
-8.467491
-28.810483
-21.884428
-20.730622
36.865924
9.803567
-7.457072
-46.487164
-37.674386
72.032827
-10.171350
11.395506
-0.052489
32.662613
139.485978
29.332960
-39.306397
-5.508663
-121.763679
-34.293552
29.569342
28.537928
-211.217882
10.881409
-92.889336
11.568446
-14.425696
-116.027658
29.200318
38.127040
-22.798913
-1.459999
-51.136295
27.747675
-38.008220
-4.463198
135.436057
-18.177798
-72.456948
19.940560
-21.768218
53.213735
80.873630
-6.627638
-81.795985
-76.920961
-115.323563
-50.901036
61.555195
79.153884
11.558631
-83.222969
-134.806280
19.542993
-59.090836
80.345342
-0.702692
-102.785482
70.602755
66.110978
49.690906
-192.894563
156.452983
-178.012114
-13.099062
30.137564
0.079610
-33.607891
-6.793347
-138.666835
-48.360652
-219.221867
-6.707307
107.867407
0.787495
19.566888
-7.226621
50.157455
26.440955
-19.606961
-63.630989
56.743927
-141.513105
-20.438380
-111.720489
-1.616631
26.864928
-47.113067
47.031863
1.090459
19.496240
5.010469
-13.542079
145.560604
103.305340
-23.906233
262.971178
54.285219
-124.348228
-56.430312
-78.596645
-23.802721
-18.545474
-8.950556
-14.105651
-31.732336
-6.182580
68.930768
68.778199
-137.919255
64.746152
-48.670099
149.135081
61.266513
210.370025
-22.009318
-62.162048
-50.485746
-14.878774
9.986284
55.850365
-155.524816
-52.053804
13.380386
-30.270207
90.906846
65.316330
-115.438822
117.496639
-88.849146
178.584285
30.447217
-6.107771
125.399449
4.269566
-266.295793
-39.513674
-52.817066
97.647959
44.864786
-10.265137
53.062540
62.919683
72.090705
26.441507
175.122395
182.781265
-12.851533
-66.502809
196.661500
5.211892
-82.474223
55.886627
60.136897
28.867548
169.270710
-236.461541
105.414040
-125.763200
92.144573
-42.720272
-189.285273
-109.314660
19.959993
-13.550876
-69.654086
4.616354
5.934691
-132.297563
65.922208
13.746583
-166.546407
6.191189
69.012070
-13.279337
-246.329595
71.511024
51.987009
75.154812
-18.562981
-38.878147
-13.243512
6.500217
-137.354595
14.190206
-268.392234
100.220713
-49.021815
6.994326
294.118508
-33.372073
12.975751
38.669255
30.243942
54.392977
85.314154
-116.358795
-0.542791
183.159203
19.748282
87.485482
25.212258
14.695530
-41.812244
-98.421283
-113.331779
-136.640606
308.296657
-66.185006
54.331950
-118.326611
-8.204127
8.235127
35.943680
12.357172
-152.733502
126.560816
2.451604
-9.742355
-45.907812
344.677417
105.638425
24.940562
-26.637487
0.507033
-46.369842
-135.646313
49.907279
-17.321090
33.494131
99.548626
6.606950
-110.548446
9.127087
-6.719905
17.391831
-174.932938
-2.121671
-187.156297
-5.088593
9.853608
-30.753387
-122.477253
414.486530
-258.180099
-189.351174
10.192945
382.122492
91.161465
-44.136806
-76.165399
77.293334
179.981106
8.209632
19.407357
-70.193913
-14.975712
158.862385
-147.147124
177.743044
206.718025
118.772851
0.915768
-122.817495
-79.163104
47.583280
7.241376
-79.739062
106.146458
-10.287382
87.362504
211.516786
294.448436
-145.447793
95.656696
16.085908
-8.615189
127.241239
10.906806
-16.007304
33.382724
23.543754
137.852734
71.312018
24.158830
92.175559
-111.411522
77.955478
-117.744953
14.260712
163.066753
16.968386
-192.598060
100.927119
-25.903261
-12.818749
-262.237632
-105.063823
31.414246
33.510563
46.473122
326.001492
-43.200511
-157.388197
80.883638
-111.905901
1.577635
-105.343505
75.517052
-4.461535
-36.810740
98.356752
46.948310
116.634063
-75.920038
-12.093498
-44.592355
0.936940
-14.275017
220.617976
-119.048262
462.581680
226.446650
13.293093
373.710204
47.419633
-55.842278
-343.353690
-138.432398
50.170910
-166.964836
309.155234
43.627560
40.291315
-7.897733
-436.927774
10.387268
66.600098
11.549513
32.476260
29.016707
204.407737
7.135121
-192.371453
165.679937
199.681643
-32.006706
-138.331713
1.487053
116.145563
-35.648466
-52.717155
45.911618
95.239320
-0.818135
206.866685
-209.814260
-213.950913
-220.883367
132.250429
67.713806
-43.608632
-89.150537
7.635139
0.442130
185.435138
35.330866
-218.989177
106.014369
-40.313508
48.065016
-134.948076
-4.648805
-109.429765
115.953362
-23.858861
-71.235226
77.573015
109.166732
78.030085
-43.729073
-150.508527
3.031131
-2.666425
-133.042392
-1.520701
14.153750
-69.150934
-164.079892
-58.679592
22.471028
84.265624
-241.105952
-74.753980
-220.138934
12.952598
-193.371641
100.967425
196.088166
-107.087191
52.238309
-166.578359
-338.607564
-0.223110
-8.637812
148.296669
-124.204671
-14.661713
-21.149911
328.925848
-41.733156
508.372490
228.719057
-490.448452
34.622786
-1.680320
167.937672
57.746289
-77.043858
158.736012
-12.946594
11.972302
116.056643
-82.807067
45.922455
17.625818
-221.743709
173.019078
-252.327376
9.559091
-255.701063
378.964853
281.690674
-0.310232
94.922518
-380.512191
26.314029
188.932380
-6.442986
-162.268820
-224.473184
10.734674
-87.871678
-4.109827
-88.522697
-65.696664
-183.169773
56.080834
48.388406
-142.020987
17.086466
25.449120
13.128538
-219.250334
-377.890026
-42.928337
-82.563267
-3.088420
85.076281
82.518078
-34.363672
4.901704
-145.443648
67.372245
-152.743313
-36.433114
-207.547770
-243.272146
5.772120
-107.603818
-35.785268
-97.023483
1.613516
232.992260
-44.226952
51.451984
-50.544887
-8.897629
-124.274291
-1.434394
29.399426
-240.109085
-111.537443
-11.655842
172.764596
-133.044733
18.068351
484.238199
6.533412
-258.400539
-153.358362
197.792335
-13.073745
54.869854
-134.259060
-96.223361
456.775911
-63.760515
-45.740076
34.659157
129.708010
2.138166
-355.323410
-156.987222
-25.437806
-315.526787
-156.975080
-338.256984
264.809521
-36.607701
-115.893806
108.514053
-1.573014
-28.279583
-129.756671
-110.949958
-392.958790
370.105664
-96.557099
37.299098
-248.039550
214.398925
-56.350051
-15.140117
110.351372
244.224673
-228.037512
-10.841713
426.112633
58.886234
-141.978437
-47.381709
33.068945
139.093373
48.289063
-123.417179
-53.111083
-43.768938
-273.069920
-97.397254
-2.090495
-331.757202
-299.155049
185.961014
-179.869600
12.802619
360.790746
-278.176811
327.520043
-51.216045
-238.282602
-14.322231
0.672830
-12.319532
172.241730
-52.951269
-22.969182
9.041779
-68.209677
-385.710670
78.055156
296.538439
151.071750
242.039179
63.270694
351.446460
-157.445510
-9.627029
-100.476647
-319.596357
-82.552805
-51.958003
191.774118
401.665748
-135.062829
75.229273
108.191975
-206.667810
177.661299
-82.204067
337.504132
6.900488
-116.755216
190.335788
7.727731
120.619621
452.550702
120.711624
-233.248901
214.875425
334.625233
-442.221687
-199.876023
-276.174301
-15.665705
-97.668093
25.474191
-425.477043
-10.327895
-67.055075
302.742003
326.684490
5.866756
79.429236
-32.632432
-273.994524
-61.902238
40.451010
-511.703675
26.229090
276.073916
-245.284329
-440.324952
-84.165517
266.818885
-406.043066
195.534817
59.804910
481.321984
-1.550482
-484.982207
-110.987376
-3.350284
401.294219
136.695391
142.664130
22.697635
284.969767
-37.507122
-104.101494
-409.885995
-222.389395
-155.891457
253.679648
274.066619
-48.785490
245.492486
99.193686
-251.657469
8.855112
-347.899690
-29.382769
323.159829
357.601634
3.875805
466.955899
126.977865
-75.699773
-163.421744
-23.474718
-117.405228
-324.127139
367.487228
143.462447
155.601529
-32.587987
27.971732
-210.674265
-386.429959
-64.908844
105.346184
-115.143496
62.131909
-448.759288
155.036253
-382.704522
442.672155
-87.943884
-138.553809
-116.156923
59.956240
-85.844480
-82.613247
-277.950616
129.433709
-159.055533
-193.331783
-6.838483
456.577488
212.274761
-99.269080
560.257484
118.472678
215.416759
119.458472
-72.620359
-30.552148
-158.661985
-3.750002
-6.041525
-20.303631
45.063022
-56.471074
131.736883
-36.890441
104.869937
597.787208
-35.747136
-40.585950
-511.586726
106.588004
187.924917
-52.903403
-207.515247
349.378361
166.367761
-272.777768
-186.459052
342.913022
-2.319308
-153.252549
109.382511
-69.362643
-58.093741
-115.634026
74.936553
234.228561
-7.728862
-272.362329
47.531251
123.379964
-296.587318
-202.301211
288.368926
36.290193
-38.136734
-362.799012
130.481352
-329.246538
198.299058
123.647410
89.220809
-215.566535
-391.500598
12.580433
-74.131981
