-0.000000
0.357788
0.409207
-0.108553
-3.105458
-2.958231
0.022272
-1.857565
3.252129
-9.175048
-4.008888
-2.674872
-4.346832
-1.554310
0.578218
-1.661620
5.524251
-0.315572
-6.859963
-10.830162
-7.771748
0.728114
-1.313609
12.303083
10.789611
1.667739
-8.008282
3.720353
1.071219
-12.363874
14.416796
-19.097066
-2.165516
13.725427
-3.485229
4.646277
11.904065
5.181213
3.761667
-0.568129
-12.170378
-0.729645
11.047582
-12.239269
-0.093868
14.715151
-8.124603
17.757939
39.692386
25.224532
1.571822
39.505924
-0.330213
-7.429750
-15.251212
26.421868
7.711862
-3.410198
1.171068
-19.276846
8.262186
-14.538990
11.469035
15.385024
2.908645
10.251901
0.883559
23.905507
19.442538
0.227579
-39.728633
31.602878
-5.901415
-16.519126
-11.935603
-5.284832
-24.698568
-27.326573
-32.772679
8.702331
-45.919351
25.134320
-33.175452
-1.816192
1.783273
-27.058385
12.830570
-22.909164
0.136177
-35.090010
5.122727
-10.263218
37.668651
-1.383545
26.902065
51.618532
2.310168
-50.293748
13.736440
11.677716
-19.894076
-2.391428
-22.315702
4.612054
16.848257
-35.948698
17.219505
7.096506
-15.508010
-37.311354
-38.513541
18.293319
-12.957042
0.637161
-47.234992
42.405527
-52.041036
-0.480077
7.730315
67.126093
2.400859
-48.538797
-3.773889
-78.827296
-18.477508
68.670004
-44.501075
13.395911
27.288653
-7.646805
6.422688
-47.710241
62.235423
-58.211302
77.148191
-12.954023
30.571137
23.079106
-86.338210
14.434040
-4.183007
-25.068144
-43.982781
-39.673100
-62.522011
-112.942240
-44.440852
-45.953804
-52.472760
16.318721
-34.583918
-48.782960
-87.353985
-0.648777
-77.925385
-67.764635
70.750436
-87.439492
-51.716007
40.643486
72.192386
-23.943147
13.956256
34.135468
-45.157612
86.348996
14.745941
23.031947
-4.501570
-20.474384
-39.814384
-4.513626
-117.007183
19.044320
41.716003
-66.541624
-43.065645
-99.090359
6.681490
-37.844146
-224.897464
35.640076
23.525722
34.585231
-117.198441
-20.525411
32.019754
-1.989182
-114.188334
135.463467
1.416343
3.707002
22.374888
22.753254
11.134253
-6.454843
13.257148
3.440918
-97.363757
-31.843522
13.872128
54.758917
159.621507
-129.261865
126.652937
-59.932688
-6.408289
-88.825729
-48.550779
12.009967
-77.435355
16.448135
-3.847621
-12.244933
-84.790543
53.333841
57.790414
80.321692
-64.433417
-80.540423
1.033337
34.591545
52.273160
-112.318942
34.197208
-170.478458
42.114987
64.664380
-2.867287
32.283370
-82.136612
55.852944
17.645929
74.772569
145.944354
-12.362831
-57.626918
16.239222
141.995279
-61.186939
-90.614281
201.987669
-104.868427
-61.917428
48.447642
29.071019
-9.592724
69.662772
-17.474845
78.702063
139.993081
12.333176
37.846463
-176.252161
-54.725000
-82.059674
-65.109940
-136.178998
-115.881899
135.718021
-81.016580
16.771912
87.652765
181.622455
-90.412747
88.803945
33.343203
69.371339
188.549367
-53.976366
95.090369
34.544494
230.860138
-17.512339
-43.389051
-8.428706
54.325609
12.671847
-145.686158
-7.382384
17.622129
-138.916290
-43.165835
-58.218664
-80.872035
20.582587
-37.451757
10.239288
170.129522
0.878339
48.133859
-36.541993
19.124643
81.844733
-89.342328
36.756570
35.332352
1.900614
18.112763
-139.024674
-27.241720
50.437262
-35.236265
149.005733
53.593101
22.024356
-104.447720
75.308274
-11.711791
39.201643
6.737531
47.911768
42.015362
-154.649500
-0.886760
86.158021
-107.944819
-29.106992
74.229167
-428.053554
45.225811
-53.192856
-18.843828
80.011755
-66.537228
-43.590223
88.797029
-54.190368
-65.801062
16.392696
104.822970
206.688854
-144.300216
0.516936
-84.844391
13.342630
-115.126038
-60.248937
-100.894253
23.063430
118.555115
-63.546618
16.306799
86.016170
158.087859
154.569415
21.389024
-106.407452
-56.919458
14.648789
-137.443154
-73.060576
165.886969
45.320906
14.480338
-10.303846
-11.202160
-177.572406
-111.371666
188.613936
249.188455
-15.390676
-177.290527
-75.815110
-118.522594
18.591137
167.818377
105.157767
62.408689
151.592023
-37.005747
101.764790
28.292901
-136.963019
44.455268
68.678034
144.191110
-28.653640
22.724915
-31.851150
33.432491
167.177747
-41.834438
56.650698
-208.040971
-170.179574
189.317556
-38.906053
-76.664813
-78.696711
49.530013
-202.655218
-101.336774
56.296585
65.514964
21.377481
-71.924844
169.674056
-163.295720
187.582814
-111.734528
-88.576550
-230.142345
-313.667903
-83.739865
-16.995695
209.702590
-35.702037
-183.881638
-56.926793
58.373640
9.476418
-13.762697
-99.348338
271.765252
-102.463174
-38.144553
-39.839517
-13.689214
48.286756
19.561237
9.168291
-292.623483
-7.678356
105.893548
-163.142479
-88.330252
-163.011123
90.102727
-51.562056
-19.353830
217.386576
-16.184295
53.528843
95.655601
-166.404982
-31.278958
158.660260
-195.395130
-131.580465
180.974555
-14.157391
-177.495421
-255.060311
24.263001
-179.935984
38.008550
102.511869
-13.745961
219.713340
-144.799872
-15.407475
237.749102
68.253353
-185.164735
74.267537
21.107568
-136.659918
-192.573303
-108.951842
-150.673778
3.056757
109.048904
171.562045
-45.103344
214.259989
-89.231615
-119.005983
161.748171
411.875605
78.798646
-60.205353
-34.561373
-31.894978
33.433899
-10.440234
49.937553
169.154718
-229.658155
288.611737
85.025346
160.077654
-110.582804
106.467627
47.572130
-72.382943
158.391638
34.472739
89.619996
45.661968
321.566790
253.028346
85.025425
-16.351046
13.456646
297.239635
-281.262928
27.818310
48.575995
9.707692
-77.497059
97.944366
45.599565
-51.698620
-183.186199
212.318946
-41.349774
-234.617785
352.918000
-154.252113
74.294359
-49.313933
17.821917
-153.610150
217.229812
55.325904
37.774399
-72.473971
20.970636
9.091289
238.092914
153.651719
25.476466
224.246830
95.593536
36.447531
-34.037747
358.756118
-332.490002
103.705398
11.280466
276.633154
-76.052847
-21.014318
25.320475
56.683308
-57.168182
24.328170
186.844596
213.922150
313.114812
272.882309
362.171664
111.336402
14.680946
1.268987
-311.957529
-98.715635
184.208785
14.156507
22.516127
11.308238
61.446038
-15.864607
-233.362706
-138.164728
9.233906
-155.801130
59.965470
-77.764401
15.760585
-90.992037
1.961285
-362.100160
-9.554232
-151.732229
134.997941
128.141940
-44.052325
-81.265076
-78.244352
356.197435
38.994620
53.221980
-47.552833
0.533287
99.771186
-1.342899
-42.243728
-82.574462
-195.111151
-90.475033
-4.712720
137.099640
122.411508
77.941757
257.851657
-4.060092
116.297977
73.467823
-133.813349
-229.472076
-52.999858
140.301418
-63.363002
-118.980903
226.921346
-171.087481
171.481313
36.660452
361.127964
-206.535364
183.989137
-195.747293
495.609369
42.161179
79.296500
255.434363
67.105709
16.909877
-36.847056
32.565991
262.485302
-33.009151
218.624736
-81.363779
-145.252002
198.092836
222.327360
128.655679
4.096790
122.718805
246.001516
339.829062
117.640912
77.130848
17.949083
-50.318882
64.524458
-54.118511
65.450365
-28.018485
44.006162
-73.607555
-35.074806
-613.036462
359.035235
-146.198890
122.184684
-101.859009
162.722633
68.467444
-196.768200
8.426414
-143.113931
455.341447
33.851551
-56.537907
438.716357
-93.735209
13.149519
276.790082
188.377372
-264.946943
-109.841180
61.174872
170.412844
-70.671659
8.944122
-30.761793
66.065952
158.562564
-111.552641
246.301822
-373.664368
165.292754
-315.945561
36.436212
108.012149
179.869852
493.340328
12.947502
545.012752
296.846668
-83.931451
-217.962809
-161.089827
-145.352564
-466.311442
-238.281963
-83.400047
274.067314
-86.523729
310.769546
171.281481
23.229852
124.174029
119.401735
364.648731
-168.548141
-309.837198
-187.750975
-115.417541
204.558016
168.760729
-37.744100
-344.919374
216.123529
121.461033
-290.928093
-4.982531
206.973619
341.125532
-32.846168
101.378473
66.870369
-69.298236
190.060383
202.608799
113.279056
143.731845
-296.315874
25.919719
27.532145
79.559006
-863.087310
20.542558
147.291872
-226.390392
-239.602579
-58.922889
418.326167
-53.357955
-355.728687
57.134455
-120.953965
-439.476624
-192.098020
70.797507
31.828968
94.440947
-86.125660
-57.434767
-9.480438
251.027262
57.401649
406.058677
105.302641
546.137524
198.378273
96.072581
278.459175
156.221746
-128.742442
173.898460
-53.307683
-130.536379
-176.600416
-24.904788
613.741649
-140.551005
-38.707494
146.435266
-348.243960
-218.814727
12.490675
122.919712
-345.638715
-400.334004
0.818563
-25.727001
170.653648
-244.316770
-280.616043
-309.848988
518.419175
163.847905
-80.431565
299.588307
134.672467
346.807224
-48.739231
56.533524
17.179537
60.302078
632.818249
-714.905680
-70.485279
-286.806291
-113.319436
-371.896606
-40.996510
131.466269
-225.642049
-442.718624
-260.696276
228.198972
-424.038882
167.919961
427.947313
105.001992
415.494493
-71.700493
159.392771
142.766620
-24.828149
164.055644
-567.315203
617.057599
-274.350562
-263.294084
3.518556
474.031545
-693.338457
-338.752754
197.786304
393.532312
629.661074
58.180372
156.930518
-645.350381
263.572445
134.465454
-63.449172
-89.973194
506.040769
-265.021570
-366.896436
-30.865804
93.885956
-90.329524
-433.688602
120.152857
-99.819630
204.665304
287.871523
-226.184913
-71.544781
-192.075581
-0.685205
116.631828
-339.558381
46.661074
-337.117385
224.043779
225.985641
-59.977559
-550.896976
75.724252
-39.419779
84.497238
-65.732600
-278.848831
295.320350
86.555638
-81.030390
-341.209827
-243.874264
128.122167
114.329184
39.317192
173.046305
-163.137680
-231.460880
-303.891197
82.202233
10.513115
-159.416562
-272.887554
368.394996
-217.487306
-243.679234
348.007323
-222.418702
-71.050763
-340.134956
29.499716
-1.768872
198.723260
-476.222973
-48.167897
289.061423
-27.538564
-51.049502
123.725226
-689.136300
-72.626349
272.098559
-109.843003
166.184884
378.121873
-527.988172
-82.198600
13.411359
-577.624840
-225.901680
-88.357234
-4.303062
622.061610
94.661665
416.815829
-159.369102
-430.669404
62.721820
645.600005
401.742199
313.693831
92.475798
-5.208230
-70.231847
-357.103085
-33.431254
425.486966
324.560535
122.710859
276.389036
-238.873408
326.782649
-340.344138
-419.692415
-119.153974
-408.663203
-286.229907
-21.545725
942.200097
405.616177
269.442027
-200.842885
75.272064
-259.076581
-185.021209
-257.252904
646.826312
487.850861
27.600203
59.310651
-183.193093
118.612747
158.762291
-113.271703
-12.975714
151.871340
190.739186
-523.023998
-114.106712
-661.836736
-125.301727
-179.330293
205.046073
433.670376
330.250012
-270.710568
-237.541319
-221.080241
284.880249
-160.540288
555.511467
190.333178
157.358498
216.714646
-50.894427
25.121766
-375.272541
-11.283013
148.148499
90.026926
138.225420
-233.600070
167.373757
269.365214
77.991599
-360.709521
-175.264564
336.737005
61.117391
-23.178896
-226.280121
178.694509
-637.932822
191.206318
-59.515940
-180.618144
-123.394398
309.355270
-294.697308
-425.747641
47.699978
170.469146
-53.400247
61.936741
354.116308
29.756225
86.323568
179.959793
-202.320007
55.423937
45.241025
79.032472
48.073442
194.626182
349.752180
-180.036729
-185.026405
-480.295048
390.599988
-227.386355
-226.474249
374.841256
37.376784
-340.975364
449.005920
-515.672285
-436.884666
-191.549527
469.982190
455.180556
-475.546668
-68.679882
264.416127
-80.059195
-341.467833
-172.667143
-139.535059
222.306172
62.511801
678.224561
556.194604
-421.599334
214.780118
27.466685
146.400323
514.289060
669.038769
-143.061570
