-0.000000
0.077225
0.347612
-0.184403
-0.536003
-2.443574
-0.029430
-0.465102
3.298570
-2.288027
-0.750866
-2.195833
-3.219597
-1.287491
0.553573
0.925191
7.840955
-0.486651
0.122806
-0.175327
-1.598171
0.499107
-1.225505
12.151460
2.550460
1.907829
-6.483998
1.962436
3.685514
-1.929711
10.454919
-8.823485
-12.979555
21.940203
-2.904323
10.873106
14.354719
-0.039964
2.795852
7.944680
-6.503003
4.916818
1.956037
-12.580681
12.200860
21.099670
0.381174
17.617587
15.533480
11.835332
1.631131
18.197616
-3.073400
-4.821120
1.717300
20.169636
8.819812
-0.012293
3.551537
-9.890126
-10.602185
4.256969
3.386737
8.289553
-1.832968
8.620496
0.923628
23.915487
5.388077
-6.117932
1.815844
3.131410
-0.122977
-34.227272
-3.384782
0.040715
-30.606476
-11.740865
-5.020018
-3.832235
-17.222085
9.397763
-15.466214
-4.006013
-6.409703
7.490080
12.578333
30.389748
-0.051978
-37.306814
57.492910
7.690247
14.794829
29.901188
28.187242
35.324729
5.856053
-51.420590
-25.712876
11.187604
-18.177177
3.814017
-0.488472
21.113998
0.780789
-39.091973
-21.576926
-9.465126
-16.597164
-39.573959
18.536417
-1.340745
50.141469
-20.461807
-33.682860
23.396416
-16.653874
0.092952
1.691813
19.872365
1.033413
-5.697061
-12.666660
-35.373019
-1.798942
50.722508
6.340881
15.662317
3.794352
-12.426255
14.322350
-7.139662
55.285603
-48.762373
5.039948
-19.744355
30.313162
22.681603
-24.211965
-6.187755
5.004834
0.385543
-49.687687
-6.120939
-2.836117
-32.761546
-29.716268
6.746542
-23.336355
-27.955054
-33.260355
-23.158469
-61.099781
0.281014
-62.789636
-5.653437
22.620601
-88.726669
0.127588
8.121003
10.395577
-13.121804
-0.023774
-10.098722
-73.571636
4.877465
-3.873873
-5.697659
-3.051708
-20.361173
-16.460988
26.382088
-110.965114
-2.025717
18.012632
-16.315379
12.211355
17.530319
-19.809121
-8.523367
-108.435749
33.431059
1.496100
-21.226745
-41.156127
19.822047
7.768611
-29.028230
-101.377610
17.938529
3.533631
-4.352466
60.842968
-10.786342
-23.554858
-9.563313
19.323339
19.331158
-22.812684
8.553325
14.386331
23.280344
40.028265
-87.496486
0.475822
-30.588074
39.129933
-60.535664
42.384614
6.558526
-16.637602
8.666120
1.439934
-6.256345
-59.239968
11.846689
39.329620
44.260455
-124.052005
-69.847422
16.252903
-25.965526
54.307051
-52.779615
25.693904
-176.693788
2.679176
13.226261
-24.411578
55.159170
24.302773
57.780493
35.314143
30.021224
78.948786
5.636904
38.125522
13.428538
93.086489
7.197954
-94.622218
106.462853
-48.845774
-3.868472
-10.356165
-14.081448
-9.801226
24.499460
-48.939044
98.191055
1.152564
15.506597
28.366643
-72.813180
27.492629
-34.215855
-7.225095
-17.821471
53.220640
94.457446
-79.925579
-60.224496
-44.745520
-7.764447
-76.239856
41.280054
-64.259134
105.688922
151.706094
-47.745867
25.602634
-26.617595
12.215232
22.582102
-23.281534
14.015001
39.696632
-1.833610
-38.013236
-5.197500
2.550539
-4.898282
-24.176252
-16.034047
-56.048839
64.690776
-39.883680
12.244489
170.293555
23.754650
60.052928
-42.870898
43.204498
60.604983
-91.602523
107.788016
3.221601
19.983334
-34.128493
-89.953621
2.310085
-12.758720
23.220928
7.758854
12.050172
21.416091
-71.389465
92.417728
-30.048202
29.657939
-4.044323
13.397910
64.163428
-50.803212
-7.701122
77.090425
-124.496901
-34.508617
82.418093
-230.810278
51.490286
10.053615
6.285982
-35.353568
-16.158388
0.006456
97.327919
-34.822156
-18.220944
-12.549732
-6.627600
13.135106
-22.435140
66.299766
-118.644883
1.892520
-116.517813
-119.464730
-72.057018
-50.985244
126.509749
12.752194
15.837349
32.199285
101.764334
3.381832
55.255037
-101.368377
-37.919560
-56.361192
-20.187592
-78.093248
20.747801
127.266111
0.405248
-0.359902
-4.995485
-94.542099
54.004899
74.911958
106.382669
-5.894899
-121.869054
-66.919078
-128.464451
-28.593990
92.946649
-9.544977
-39.389749
112.432986
-62.812240
69.369675
-11.225486
-77.901606
74.010549
53.780226
20.200889
-42.478383
-48.497413
5.852822
-18.299387
72.473990
-43.690702
25.085804
-122.194254
0.099267
83.930423
-23.239711
65.432508
-16.508208
30.097068
-19.917402
29.825152
44.587317
14.072993
39.004406
7.203082
14.667579
-58.419991
130.722053
-68.484642
-56.212252
-212.013171
-252.753667
-2.627369
-16.744646
245.733732
-36.964036
1.428091
-5.081194
173.419683
-19.856815
68.364002
-7.157746
32.367056
-79.579713
-62.994106
-110.100012
-12.353207
54.208785
141.436338
30.942366
-210.312610
-93.099853
48.862762
-162.366084
-21.039371
-191.579601
-11.150739
13.502189
19.914770
-41.824539
27.156537
173.110902
55.301867
-134.743201
-117.104122
7.853567
-304.716900
-113.843359
168.219844
8.601711
142.543999
-20.868077
-10.361399
-79.542776
25.369506
30.209023
-9.933699
230.646399
-95.115103
-18.535381
214.548694
65.275693
-107.587714
5.602212
89.238156
-100.750468
-9.495566
-168.316180
-148.053519
-2.057365
116.536692
-32.790058
-0.151439
95.898396
-4.238147
-58.726827
55.016884
84.247255
109.138491
40.735752
17.350533
-11.397262
65.829974
2.632768
-29.362178
-26.352753
-3.369966
288.054582
12.033911
230.431423
87.472104
2.072797
-87.505764
44.348724
-2.112595
4.671985
-5.421261
42.801574
42.478253
384.969443
-31.894863
22.607238
-181.488231
119.287498
-121.152904
-0.092523
-41.393431
23.357443
-21.639879
185.291429
-12.365152
-57.039289
-74.265877
241.938638
-10.249155
-48.515307
-9.252296
-103.926362
77.735670
-135.290936
-20.640655
-91.390526
-1.095978
48.184626
61.226676
-155.183781
-30.596215
-3.266158
198.976219
121.634531
58.585315
71.070847
-61.908952
2.381143
-53.066479
157.098344
-145.711003
-52.682915
18.381961
141.583406
-26.671737
12.993828
-28.801194
77.136790
-0.564546
25.815026
99.723833
-48.961570
-43.000732
131.318514
270.271477
-9.656886
-21.295685
-41.113750
-204.015436
-260.937508
184.414077
18.077143
-3.502198
39.989793
-75.119321
4.623465
-145.406735
-37.452369
15.995467
53.199162
63.306405
118.313784
-8.479337
-79.978190
54.951389
-147.088674
-34.083930
-237.960608
72.518902
73.228171
22.266169
9.225441
-64.415018
146.724366
-53.121621
36.805088
-43.676629
37.772300
134.989601
-14.969395
-65.837179
67.439708
-24.956382
-159.006405
17.862822
129.169186
-32.964721
42.843897
155.670102
-62.063924
73.873097
-27.571493
-141.345407
-83.347629
-178.459905
116.997469
-12.214735
-124.042534
261.557837
3.804227
-19.798932
21.902891
44.237135
-220.745110
169.974119
-208.327268
308.169988
-128.205732
38.265152
206.037590
326.983207
-9.652023
34.064785
2.958626
25.685760
-174.651681
127.262504
-126.119941
-31.520900
210.167273
200.439291
155.988737
12.184003
22.669460
106.277515
50.004035
-35.187706
75.306269
48.642933
-51.868701
64.706848
-71.186673
41.233020
-16.682212
18.481451
136.711901
-97.499685
-470.351340
69.539075
-113.897454
-104.540873
-62.032796
103.437850
98.348867
-19.486276
-15.118975
-140.169860
70.557315
28.002795
-15.868979
-64.932928
112.821610
54.329647
254.505994
36.159861
-181.393703
-13.402680
11.007747
-12.258156
138.361656
-34.622557
-33.331075
115.226777
235.249247
-72.957498
160.992673
-152.541948
144.412272
-165.099510
-41.357005
6.926618
37.309035
503.027501
21.144486
425.882606
277.406804
79.050313
-191.364018
-126.831301
-162.238020
-67.353402
-153.300839
-29.267989
-82.276973
14.669925
272.562931
-1.927500
-14.002432
40.161968
161.730802
209.878379
96.435814
-138.816512
-309.566276
-164.322437
0.768996
267.815092
-5.988168
-140.887245
-105.515417
192.541695
-152.948961
50.704614
-28.494706
315.072511
-119.369558
213.902227
-52.065595
100.603586
17.636027
150.064693
166.682313
27.983961
-19.865010
-39.276481
12.143873
36.782205
-296.426774
50.826644
105.665907
-17.671587
-55.794619
13.465392
2.974493
-215.310311
-131.404689
-66.858543
-20.583035
-257.792388
-136.924018
28.851556
-6.508694
-53.894753
-198.106518
69.549207
-29.713668
273.659674
-0.440887
280.357085
213.241206
507.168849
37.275897
155.500210
-45.230325
29.884862
272.842193
236.989070
-265.993970
-51.983104
20.293114
70.840993
96.078547
-272.675346
-23.207046
-11.630719
-250.069094
70.371503
38.724904
9.916218
-310.365312
-64.922979
151.662827
-23.782436
489.124788
-21.137060
-310.097829
57.543676
445.632510
-129.870323
-211.475394
243.337150
93.706153
-106.004744
-18.841707
78.522950
-189.321476
-70.033911
681.929474
-228.488132
-225.239000
-210.415277
213.992358
-214.550011
-212.690889
195.372314
-169.797271
62.103029
-263.166758
179.357686
-440.861954
-12.635125
83.763595
163.486369
352.912144
86.035162
118.795302
38.656742
35.047615
139.530869
-391.880522
549.974115
-154.355630
32.379699
-245.492546
155.067388
-326.249833
-307.594216
-7.325654
-169.356202
359.431013
143.029351
-115.392661
-580.655239
233.107069
43.677494
70.338989
-127.178321
297.880082
5.152089
-314.385020
-37.963065
107.129266
-296.967906
18.137958
4.972489
-153.585117
-278.515482
325.442025
-269.741237
121.709078
-120.571234
36.501821
-38.531810
-318.127510
4.258951
-94.408514
-6.353953
-202.012114
153.635956
-597.725604
72.125537
-8.576168
63.090347
65.242273
-182.604285
252.709306
-186.593489
51.789843
-373.071058
-175.351417
453.231570
32.836480
-176.854326
152.339481
-242.899604
-7.318000
-339.160752
135.131816
1.575618
89.397690
0.292235
396.257947
46.081993
11.181308
366.473276
83.970178
-15.834324
-291.521599
-95.984605
12.073952
132.400143
114.415223
-61.713210
32.700622
192.389199
-30.405817
264.199402
-289.768295
-291.400443
9.503110
14.367349
-294.371950
85.762147
79.058869
-61.322184
145.975724
-472.925369
-173.288333
-63.917610
504.594368
564.063705
183.159227
393.593213
-123.117789
-143.870147
40.053921
190.832438
-33.720236
267.944789
128.210582
1.819714
-110.217236
212.390888
-172.653981
316.138507
27.654087
95.513018
250.474294
-160.563485
270.215727
-336.703535
-465.915786
221.887164
22.285667
-74.010087
-60.617777
350.716391
27.170313
255.861271
193.943111
9.689871
-74.280093
-311.666839
53.308220
174.783763
72.870371
41.632185
209.722330
-107.171682
7.833783
51.960335
-156.317230
-98.555629
-40.322325
254.812751
53.959509
175.447513
-516.055292
-90.685288
-32.019604
170.277858
-5.696893
300.588836
-306.152049
-22.109966
18.214446
270.585252
76.280738
455.460869
20.412124
254.347420
28.616202
-130.059145
7.793418
-289.234846
9.212761
-7.122648
-91.275958
18.131122
-36.443337
-41.480165
338.568342
52.038047
-440.374780
29.294737
176.853225
0.035673
-279.767697
-94.088248
-70.462706
-570.998560
167.354178
-116.048450
-193.555525
429.408064
-54.934645
-193.822612
-85.781328
-9.967096
-289.738150
-49.132013
62.465988
52.765642
162.093215
168.289878
137.004894
-201.468165
161.351655
71.697746
0.256562
154.645947
327.576305
157.189084
-326.560770
-312.375551
-173.193447
266.543418
-15.237095
8.208205
344.372155
-124.686241
35.065584
179.637491
-469.631864
119.390527
-192.472823
461.525793
330.796935
-458.060291
-3.664123
184.540111
-357.166023
-320.836721
-234.920331
-621.862014
98.335235
54.875402
90.942304
3.737758
-310.456239
210.668146
31.997807
-2.908115
574.972227
230.470817
-151.580450
